Individual Contributions  (Cont.)                                                    Individual Contributions  (Cont.)
Near  term                      Midpoint                    Contribution             Near  term                      Midpoint                    Contribution
Strike      Option  Type        Price         Delta-K        by Strike               Strike      Option  Type        Price         Delta-K        by Strike
1620            Put            0.625            5         0.0000011908               1720            Put            1.800            5         0.0000030423
1625            Put            0.675            5         0.0000012781               1725            Put            1.850            5         0.0000031087
1630            Put            0.675            5         0.0000012703               1730            Put            1.925            5         0.0000032160
1635            Put            0.725            5         0.0000013561               1735            Put            2.000            5         0.0000033221
1640            Put            0.725            5         0.0000013478               1740            Put            2.100            5         0.0000034682
1645            Put            0.775            5         0.0000014320               1745            Put            2.175            5         0.0000035715
1650            Put            0.675            5         0.0000012397               1750            Put            2.275            5         0.0000037144
1655            Put            0.825            5         0.0000015060               1755            Put            2.375            5         0.0000038556
1660            Put            0.825            5         0.0000014970               1760            Put            2.475            5         0.0000039951
1665            Put            0.875            5         0.0000015782               1765            Put            2.575            5         0.0000041330
1670            Put            0.875            5         0.0000015688               1770            Put            2.725            5         0.0000043491
1675            Put            0.925            5         0.0000016485               1775            Put            2.825            5         0.0000044834
1680            Put            0.975            5         0.0000017273               1780            Put            3.000            5         0.0000047344
1685            Put            1.025            5         0.0000018051               1785            Put            3.100            5         0.0000048648
1690            Put            1.025            5         0.0000017944               1790            Put            3.250            5         0.0000050718
1695            Put            1.075            5         0.0000018709               1795            Put            3.450            5         0.0000053539
1700            Put            1.125            5         0.0000019464               1800            Put            3.600            5         0.0000055557
1705            Put            1.125            5         0.0000019350               1805            Put            3.800            5         0.0000058319
1710            Put            1.175            5         0.0000020092               1810            Put            3.950            5         0.0000060287
1715            Put            1.225            5         0.0000020825               1815            Put            4.200            5         0.0000063750
1720            Put            1.275            5         0.0000021549               1820            Put            4.400            5         0.0000066419
1725            Put            1.325            5         0.0000022265               1825            Put            4.650            5         0.0000069808
1730            Put            1.375            5         0.0000022972               1830            Put            4.900            5         0.0000073160
1735            Put            1.425            5         0.0000023670               1835            Put            5.150            5         0.0000076474
1740            Put            1.475            5         0.0000024360               1840            Put            5.450            5         0.0000080490
1745            Put            1.550            5         0.0000025452               1845            Put            5.750            5         0.0000084461
1750            Put            1.600            5         0.0000026123               1850            Put            6.050            5         0.0000088388
1755            Put            1.675            5         0.0000027192               1855            Put            6.450            5         0.0000093724
1760            Put            1.750            5         0.0000028248               1860            Put            6.750            5         0.0000097557
1765            Put            1.825            5         0.0000029292               1865            Put            7.150            5         0.0000102785
1770            Put            1.900            5         0.0000030324               1870            Put            7.650            5         0.0000109385
1775            Put            2.000            5         0.0000031740               1875            Put            8.150            5         0.0000115914
1780            Put            2.075            5         0.0000032746               1880            Put            8.600            5         0.0000121664
1785            Put            2.175            5         0.0000034132               1885            Put            9.200            5         0.0000129463
1790            Put            2.250            5         0.0000035112               1890            Put            9.750            5         0.0000136478
1795            Put            2.375            5         0.0000036856               1895            Put            10.400           5         0.0000144809
1800            Put            2.525            5         0.0000038967               1900            Put            11.100           5         0.0000153743
1805            Put            2.625            5         0.0000040286               1905            Put            11.800           5         0.0000162582
1810            Put            2.775            5         0.0000042353               1910            Put            12.600           5         0.0000172697
1815            Put            2.950            5         0.0000044776               1915            Put            13.450           5         0.0000183386
1820            Put            3.075            5         0.0000046417               1920            Put            14.400           5         0.0000195317
1825            Put            3.300            5         0.0000049541               1925            Put            15.400           5         0.0000207797
1830            Put            3.450            5         0.0000051511               1930            Put            16.400           5         0.0000220146
1835            Put            3.650            5         0.0000054200               1935            Put            17.600           5         0.0000235035
1840            Put            3.900            5         0.0000057598               1940            Put            18.800           5         0.0000249767
1845            Put            4.100            5         0.0000060224               1945            Put            20.200           5         0.0000266989
1850            Put            4.350            5         0.0000063551               1950            Put            21.600           5         0.0000284031
1855            Put            4.650            5         0.0000067568               1955            Put            23.200           5         0.0000303512
1860            Put            4.950            5         0.0000071542               1960      Put/Call Average     26.100           5         0.0000339711
