Sown  area,
Area, hectare            Number  of     In % to the total   thousand       In % of total
enterprises, units                    hectares           area
All of them:              45613              100           19811,2            100
20,0…  50,0               24596             53,9            548,3             2,8
50,1…100,0                4606              10,1            338,2             1,7
100,1…250,0                4713              10,3            774,1             3,9
250,1…500,0                3232               7,1            1171,5            5,9
500,1…1000,0                2925               6,4            2103,6            10,6
1000,1…2000,0               2822               6,2            4045,7            20,4
2000,1…3000,0               1277               2,8            3096,9            15,6
More  then 3000,0            1442               3,2            7732,9            39,1
