Height   Lateral        Minimum    Internal Area of Chimney,   A,
H,        L,                        Square  Feet
Feet      ‘Feet     0.26       0.35      0.47       0.66       0.92
2         130       180        247       400        580
6        5         118       164        230       375        560
2         145       197        265       445        all
a        5         133       182        246       422        Bag
o        123       169        233       400        598
2         161       220        297       490        722
10        5         147       203        276       465        Fig
o        137       189        264       444        BES
5        125       175        246       424        534
2         178       249        335       560        B40
5         163       230        312       5a         825
15         o        151       214        294       504        Fra
5        138       198        278       494        738
20        128       184        26        459        706
2        200        273        374       625        960
5         183       262        348       594        930
20         o        170       236        330       562        BFS
5        156       27         |         536        835
20        144       202        292       510        B00
2        215        302        420       715         410
5         195       27g        39        5280        ogo
30         0        182       260        370       B44         o20
5        168       240        349       B15        aFS
20        155       223        327       585        932
30       MRY        182        26        544        BES
2        250        350        APS       B10         240
5        228        324        442       77          220
50        10       212        304        420       728         440
15        195       278        395       B95         oso
20        180       258        370       B60         o40
30       MRP        MRP        318       610        g7O
6         7          8         10         42
Single-¥¥all Vent Connector
Diameter, DO. Inches
